     0/299     13.6G   0.07348   0.02321         0    0.0967        91       640   0.04063      0.15   0.01211   0.00162    0.1094   0.02319         0
     1/299     13.7G   0.06911   0.02208         0   0.09118       106       640   0.05667    0.2167   0.02382  0.003329   0.09648   0.02087         0
     2/299     13.7G   0.06607   0.02104         0   0.08712       115       640    0.1825   0.08333   0.04079  0.006659   0.09235   0.01881         0
     3/299     13.7G   0.06157   0.01927         0   0.08084       105       640   0.09726       0.3   0.06583   0.01397   0.08831    0.0173         0
     4/299     13.7G   0.06029   0.01856         0   0.07885        86       640    0.1382    0.4833    0.1185   0.02676   0.08241   0.01639         0
     5/299     13.7G   0.05809    0.0188         0   0.07689       136       640    0.2236      0.55    0.1791   0.04069   0.08102   0.01556         0
     6/299     13.7G   0.05524   0.01716         0    0.0724       130       640     0.309    0.5812    0.3088   0.09235   0.07599   0.01513         0
     7/299     13.7G   0.05496   0.01771         0   0.07268       116       640    0.5247      0.35    0.3542    0.1252   0.07337   0.01432         0
     8/299     13.7G   0.05315   0.01684         0   0.06999       119       640    0.6201    0.5442    0.5023    0.1967   0.07194   0.01411         0
     9/299     13.7G   0.05188   0.01625         0   0.06814       105       640    0.6199    0.5979    0.5846    0.2296   0.07039   0.01328         0
    10/299     13.7G   0.05169   0.01562         0    0.0673        79       640    0.8094    0.5662    0.6648    0.3079   0.06989   0.01247         0
    11/299     13.7G   0.05062   0.01539         0   0.06601        98       640    0.6976    0.6153    0.6929     0.286    0.0694   0.01196         0
    12/299     13.7G   0.04922   0.01431         0   0.06353       101       640    0.5923    0.5333    0.5712    0.1726   0.07189   0.01145         0
    13/299     13.7G   0.04975   0.01364         0   0.06339        89       640    0.7442    0.6333    0.7303    0.2909   0.07429   0.01126         0
    14/299     13.7G   0.05139    0.0124         0   0.06379        95       640    0.7403    0.7333    0.7531    0.3364    0.0773   0.01094         0
    15/299     13.7G   0.05208   0.01224         0   0.06432       121       640    0.7195    0.7333    0.7468    0.3954   0.08098   0.01076         0
    16/299     13.7G   0.05187   0.01281         0   0.06468       137       640    0.6301    0.7667    0.7296    0.3062   0.07542   0.01087         0
    17/299     13.7G   0.05138   0.01133         0   0.06271       105       640    0.4877    0.6667    0.5105    0.1668    0.0733   0.01145         0
    18/299     13.7G   0.04965   0.01247         0   0.06212       138       640    0.6418    0.6272    0.6514    0.2948   0.07206   0.01177         0
    19/299     13.7G   0.04684   0.01229         0   0.05913        89       640    0.7962    0.7167    0.7622    0.3739   0.07778   0.01086         0
    20/299     13.7G   0.04634   0.01286         0    0.0592       115       640    0.7015    0.7833    0.7935    0.3178   0.07773   0.01025         0
    21/299     13.7G   0.04527   0.01206         0   0.05732        98       640    0.6741    0.4167    0.4669    0.1332   0.08985   0.01048         0
    22/299     13.7G   0.05872   0.01296         0   0.07168       144       640    0.3751    0.3833    0.3067    0.1021   0.08765   0.01083         0
    23/299     13.7G   0.05484    0.0122         0   0.06704        89       640    0.7176    0.4667    0.5594    0.2216   0.08113   0.01078         0
    24/299     13.7G   0.03652   0.01256         0   0.04908        88       640    0.7119       0.5    0.5757    0.2146   0.08663   0.01093         0
    25/299     13.7G   0.03461   0.01285         0   0.04746       128       640    0.7306    0.6329     0.669    0.2878   0.07903   0.01066         0
    26/299     13.7G   0.04608   0.01328         0   0.05936        85       640    0.8947    0.5666    0.7086    0.3075   0.07436   0.01075         0
    27/299     13.7G   0.04616   0.01272         0   0.05888       148       640    0.5605    0.5333    0.5651    0.2455   0.07411   0.01097         0
    28/299     13.7G   0.04975   0.01224         0   0.06199        97       640    0.4815      0.45    0.4753    0.1807   0.07453   0.01062         0
    29/299     13.7G    0.0461    0.0118         0    0.0579       151       640    0.4179    0.3833    0.3565     0.122   0.07424   0.01068         0
    30/299     13.7G   0.04898   0.01285         0   0.06183       106       640    0.6313    0.5137    0.5879     0.243   0.07739   0.01063         0
    31/299     13.7G   0.04806   0.01289         0   0.06095       105       640    0.8255    0.3167    0.4367    0.2189   0.09906  0.009694         0
    32/299     13.7G   0.04538   0.01137         0   0.05676       107       640    0.7643    0.4333    0.4945    0.1312   0.09887   0.01051         0
    33/299     13.7G   0.03346   0.01186         0   0.04532       121       640    0.5393    0.5658    0.4776    0.1684    0.1003  0.009888         0
    34/299     13.7G   0.03016    0.0127         0   0.04286       104       640    0.7307    0.6332    0.6625    0.3947   0.09774  0.009781         0
    35/299     13.7G   0.04108   0.01292         0     0.054       143       640    0.8658      0.55    0.6792    0.3427    0.0965  0.009598         0
    36/299     13.7G   0.04141   0.01162         0   0.05303       109       640    0.8113    0.7165    0.7302    0.3569   0.09054  0.009951         0
    37/299     13.7G   0.03273   0.01179         0   0.04452       119       640    0.8451    0.7333     0.794    0.4103    0.0881  0.009642         0
    38/299     13.7G   0.03977   0.01127         0   0.05104       124       640    0.5051    0.7667    0.5926    0.2626   0.09157  0.009131         0
    39/299     13.7G   0.04131   0.01161         0   0.05292       103       640    0.7936     0.833    0.8455    0.4325   0.08845  0.008992         0
    40/299     13.7G   0.03739   0.01149         0   0.04888       112       640    0.8568       0.7    0.7991    0.3342   0.08779  0.008995         0
    41/299     13.7G   0.03644   0.01221         0   0.04865       154       640    0.7096    0.7333     0.775    0.3798   0.08814   0.00895         0
    42/299     13.7G   0.04567   0.01041         0   0.05608       105       640    0.8094      0.85    0.8902     0.462   0.08602   0.00899         0
    43/299     13.7G   0.02562   0.01176         0   0.03738       124       640    0.8946    0.5656     0.728    0.3946   0.08786  0.008859         0
    44/299     13.7G   0.03601    0.0124         0    0.0484       105       640    0.7999    0.7997    0.8581    0.4825   0.08601  0.008909         0
    45/299     13.7G   0.02581  0.009423         0   0.03524       101       640    0.8886       0.8    0.8917    0.5078   0.08519  0.008993         0
    46/299     13.7G   0.03089    0.0106         0   0.04148        96       640    0.8679    0.7664    0.8353    0.4113   0.08767  0.008642         0
    47/299     13.7G   0.03863    0.0111         0   0.04974       130       640    0.9423    0.8166    0.8976    0.4801   0.08839   0.00865         0
    48/299     13.7G   0.03538   0.01081         0   0.04618       115       640    0.8924    0.8333    0.8968    0.5562   0.08559  0.008629         0
    49/299     13.7G    0.0337   0.01056         0   0.04426       116       640    0.8866    0.7833    0.8871    0.5448   0.08682  0.008494         0
    50/299     13.7G   0.02398   0.01145         0   0.03543       135       640    0.8442    0.8167    0.8793     0.478   0.08597  0.008554         0
    51/299     13.7G   0.04475   0.01054         0   0.05529       117       640    0.8811    0.8667     0.917    0.5713   0.08556  0.008516         0
    52/299     13.7G   0.03667  0.009925         0    0.0466        90       640    0.9256    0.8333     0.924    0.5561   0.07987  0.008636         0
    53/299     13.7G    0.0285   0.01162         0   0.04012       170       640    0.9454    0.8667    0.9224    0.5602   0.07503  0.008718         0
    54/299     13.7G   0.02902  0.009829         0   0.03885        97       640    0.9454    0.8667    0.9238    0.5635   0.07146  0.008874         0
    55/299     13.7G   0.02834    0.0106         0   0.03894       149       640    0.8843       0.9    0.9304    0.5838   0.07154  0.008805         0
    56/299     13.7G   0.04328   0.01004         0   0.05331       110       640    0.8983    0.8831    0.9041    0.5392   0.06538  0.009863         0
    57/299     13.7G   0.03523   0.01069         0   0.04592       107       640    0.9056    0.7998    0.8726    0.5158   0.06439    0.0102         0
    58/299     13.7G   0.02532   0.01114         0   0.03646       136       640    0.9073     0.816    0.8847    0.5459   0.06365   0.01018         0
    59/299     13.7G   0.03351  0.009617         0   0.04313       110       640    0.8496      0.85     0.876    0.4668   0.06277   0.01029         0
    60/299     13.7G   0.03314   0.01001         0   0.04315       105       640     0.807    0.7665    0.8377    0.4751   0.06508  0.009476         0
    61/299     13.7G   0.02824   0.01069         0   0.03893       124       640    0.8686    0.8833    0.9222     0.518   0.06209  0.009541         0
    62/299     13.7G   0.03018   0.01065         0   0.04082       103       640    0.8832    0.8825    0.9177    0.5835   0.06121  0.009216         0
    63/299     13.7G   0.03035    0.0097         0   0.04005       121       640    0.8792      0.85     0.931    0.5653   0.06176  0.009279         0
    64/299     13.7G   0.03258  0.009588         0   0.04217       106       640    0.8664    0.8667    0.9263    0.5655     0.059  0.009591         0
    65/299     13.7G   0.02497  0.009405         0   0.03437       118       640    0.8499      0.85    0.9145    0.5701   0.06036  0.009575         0
    66/299     13.7G   0.02561  0.009631         0   0.03524        95       640       0.8    0.9333    0.9187    0.5643   0.05856  0.009345         0
    67/299     13.7G   0.03155   0.01019         0   0.04174        89       640    0.8495      0.95    0.9389    0.6349   0.05947  0.009016         0
    68/299     13.7G   0.03748  0.009486         0   0.04697        95       640    0.8221      0.85    0.9067      0.58   0.06114  0.008777         0
    69/299     13.7G    0.0198  0.008625         0   0.02842        91       640    0.9274    0.8667    0.9338    0.6156   0.05788  0.008995         0
    70/299     13.7G   0.02989   0.00947         0   0.03936       123       640    0.8726    0.7992    0.8774    0.5445   0.06105  0.008994         0
    71/299     13.7G   0.03133  0.009079         0   0.04041        93       640    0.8459    0.9167    0.9401    0.6884   0.05744  0.009064         0
    72/299     13.7G   0.03155  0.009744         0   0.04129       123       640    0.8852       0.9    0.9379    0.6285   0.05608  0.009228         0
    73/299     13.7G   0.04461  0.009884         0    0.0545       113       640     0.883    0.8833    0.9184    0.6052   0.06476  0.008722         0
    74/299     13.7G   0.03125  0.009018         0   0.04027       110       640    0.8965    0.8666    0.9244    0.5652   0.06468  0.008858         0
    75/299     13.7G   0.02064  0.008396         0   0.02904       110       640    0.8962    0.8667    0.9239    0.5391   0.06624  0.008763         0
    76/299     13.7G   0.01833  0.009346         0   0.02768       106       640    0.8688    0.8832     0.931    0.6176   0.06453  0.008459         0
    77/299     13.7G   0.03356  0.008553         0   0.04211       109       640    0.8261      0.95    0.9234    0.6172   0.06128  0.008763         0
    78/299     13.7G   0.03241  0.008378         0   0.04078        81       640    0.8964    0.8667    0.9401    0.6216   0.05982  0.008856         0
    79/299     13.7G   0.02455  0.008222         0   0.03277        90       640    0.9138    0.8833    0.9369    0.6411   0.05998  0.009138         0
    80/299     13.7G    0.0358  0.008912         0   0.04471       110       640    0.9122    0.8667    0.9404    0.6549   0.05866   0.00923         0
    81/299     13.7G    0.0302  0.008396         0    0.0386        87       640    0.8982    0.8833    0.9375     0.609   0.05906  0.009175         0
    82/299     13.7G   0.02706  0.008604         0   0.03567       112       640    0.9285    0.8667    0.9222    0.6058   0.05892  0.009403         0
    83/299     13.7G    0.0308  0.009442         0   0.04024        80       640    0.9264      0.85    0.9417    0.6184    0.0577  0.009488         0
    84/299     13.7G   0.01798  0.008372         0   0.02635       128       640    0.8852    0.8998    0.9437    0.6481   0.05749  0.009478         0
    85/299     13.7G   0.03371  0.008784         0   0.04249       119       640    0.8831    0.8833    0.9312    0.6139   0.05863  0.009429         0
    86/299     13.7G    0.0395  0.008196         0    0.0477        89       640    0.7638    0.9163    0.8707    0.5485   0.05922   0.00934         0
    87/299     13.7G   0.03868  0.009069         0   0.04775       123       640    0.8833    0.8828    0.9402    0.6522   0.05905  0.009406         0
    88/299     13.7G   0.03738  0.008713         0   0.04609       128       640    0.8831    0.8833    0.9437    0.6909   0.05867  0.009244         0
    89/299     13.7G   0.03308  0.008794         0   0.04188       133       640    0.8833    0.8832    0.9408    0.6601   0.06026  0.009267         0
    90/299     13.7G   0.01782  0.008925         0   0.02675       135       640    0.8728    0.9152    0.9471    0.6523   0.05866  0.008954         0
    91/299     13.7G   0.01775   0.00847         0   0.02622       130       640    0.8544    0.7833    0.9023    0.5403   0.05979  0.008944         0
    92/299     13.7G   0.03406  0.008127         0   0.04219       120       640    0.8768    0.8333     0.913    0.5963   0.05973  0.009197         0
    93/299     13.7G   0.03076  0.009208         0   0.03997       125       640    0.8359      0.85    0.9095    0.5764   0.05912  0.008897         0
    94/299     13.7G   0.03599  0.008799         0   0.04479       125       640    0.8904    0.8167    0.8423    0.4802   0.06297    0.0103         0
    95/299     13.7G   0.04193  0.009384         0   0.05132       124       640  0.007212    0.2833  0.003606  0.001688   0.08343    0.0347         0
    96/299     13.7G      0.02   0.01076         0   0.03076       107       640  0.004153    0.2333  0.001594  0.000587   0.09336   0.05092         0
    97/299     13.7G   0.01887  0.009744         0   0.02861       106       640   0.01223      0.45   0.00863  0.003854   0.08344   0.03729         0
    98/299     13.7G   0.02518  0.009819         0     0.035       102       640   0.02461    0.5667   0.01825   0.01046   0.07694    0.0291         0
    99/299     13.7G   0.02601   0.01004         0   0.03605       146       640   0.05467    0.6332   0.04189   0.02272   0.07156     0.028         0
   100/299     13.7G   0.03943   0.01018         0   0.04961       138       640    0.2135    0.4162    0.1278   0.07587   0.06305   0.01938         0
   101/299     13.7G   0.02621  0.009699         0   0.03591       115       640    0.5195      0.25    0.2587     0.199   0.05989   0.01965         0
   102/299     13.7G    0.0368  0.009551         0   0.04635       121       640    0.8498    0.5659    0.6459    0.4452   0.05898   0.01656         0
   103/299     13.7G   0.02957  0.009089         0   0.03866       128       640    0.8792      0.85    0.8308    0.5717    0.0579   0.01177         0
   104/299     13.7G   0.02943  0.009171         0    0.0386       115       640    0.9387    0.7663    0.7942    0.5204   0.06122   0.01312         0
   105/299     13.7G   0.03268  0.009376         0   0.04205       103       640    0.8297    0.6495    0.6862    0.4256   0.06647   0.01292         0
   106/299     13.7G   0.02733   0.00988         0   0.03721        93       640    0.7991    0.6833    0.7142    0.4102   0.07863   0.01054         0
   107/299     13.7G    0.0343   0.01092         0   0.04522       115       640    0.8289    0.5667    0.6202     0.345   0.08711   0.01029         0
   108/299     13.7G   0.03057   0.01007         0   0.04064       135       640    0.9482    0.6167     0.684    0.3428   0.08573  0.009743         0
   109/299     13.7G   0.01832  0.009763         0   0.02808        95       640    0.8063    0.7667    0.7463    0.4778   0.07998  0.009572         0
   110/299     13.7G   0.03773  0.009375         0   0.04711       144       640    0.8333    0.7499     0.774    0.4849   0.07764  0.009668         0
   111/299     13.7G   0.02292  0.009932         0   0.03285       128       640    0.8936       0.7    0.7773    0.5221   0.07297  0.009677         0
   112/299     13.7G   0.02526   0.00802         0   0.03328        88       640    0.8134     0.799    0.7692    0.5024   0.06736   0.01031         0
   113/299     13.7G   0.02491   0.00844         0   0.03335        91       640    0.8654    0.7499    0.7719    0.5088   0.06711   0.01035         0
   114/299     13.7G   0.02608  0.008543         0   0.03462        92       640    0.8421    0.7998     0.844    0.5823   0.06439  0.009582         0
   115/299     13.7G   0.03217  0.007551         0   0.03972        84       640    0.9054       0.8    0.8691    0.5947    0.0636  0.009092         0
   116/299     13.7G   0.02896  0.009666         0   0.03863       139       640    0.8387    0.8666     0.872    0.6038   0.06368    0.0091         0
   117/299     13.7G   0.02942  0.008627         0   0.03804       107       640    0.8367    0.7833    0.7952    0.5532   0.06629    0.0101         0
   118/299     13.7G   0.02931  0.009065         0   0.03838       105       640    0.9318    0.6829     0.755    0.5227   0.07035    0.0098         0
   119/299     13.7G    0.0246  0.008072         0   0.03267       109       640    0.9519    0.6667    0.7233    0.5251   0.07219  0.009436         0
   120/299     13.7G   0.02992  0.008541         0   0.03846       115       640    0.9199    0.7667    0.7704    0.5491   0.06834  0.009831         0
   121/299     13.7G   0.02509  0.009392         0   0.03449       162       640    0.8419       0.8    0.7892    0.5097    0.0691  0.009653         0
   122/299     13.7G   0.02273  0.008558         0   0.03129       127       640    0.9214    0.7833    0.7921    0.5235    0.0698  0.009764         0
   123/299     13.7G   0.02238  0.008114         0    0.0305       113       640    0.8977    0.7333    0.7908    0.5442   0.07013  0.009682         0
   124/299     13.7G   0.02225  0.008206         0   0.03046       122       640    0.9551    0.7167    0.8161    0.5724   0.06783  0.009703         0
   125/299     13.7G   0.02815  0.008647         0   0.03679       116       640    0.9388    0.7665    0.8233    0.5616    0.0673   0.01037         0
   126/299     13.7G   0.02371  0.008127         0   0.03184       124       640      0.92    0.7664    0.8244    0.5684   0.06651   0.01025         0
   127/299     13.7G   0.03429  0.008774         0   0.04307       115       640      0.94    0.7831    0.8469    0.5919   0.06461   0.01015         0
   128/299     13.7G   0.02239  0.008049         0   0.03044       100       640    0.8644    0.8499    0.8491    0.6102   0.06363   0.01008         0
   129/299     13.7G   0.02757  0.007883         0   0.03546       118       640    0.8524    0.8665    0.8502    0.6193   0.06326   0.01017         0
   130/299     13.7G   0.03291  0.008346         0   0.04126        87       640    0.9091    0.8332    0.8534    0.6174   0.06267  0.009668         0
   131/299     13.7G   0.02149  0.008096         0   0.02959       116       640    0.8928    0.8333     0.862    0.6003   0.06343  0.009322         0
   132/299     13.7G   0.02772  0.007973         0   0.03569       123       640    0.8792      0.85    0.8646    0.6238   0.06292  0.009492         0
   133/299     13.7G   0.04156  0.007196         0   0.04876       109       640    0.8474    0.8332     0.857    0.6003   0.06436  0.009862         0
   134/299     13.7G   0.02077  0.008337         0   0.02911        89       640    0.8749    0.8167    0.8686    0.6064   0.06298  0.009754         0
   135/299     13.7G   0.03278   0.00816         0   0.04094       119       640    0.8771    0.8333     0.868    0.5949   0.06385  0.009807         0
   136/299     13.7G   0.03367  0.008451         0   0.04212       105       640    0.8908    0.8159    0.8786    0.6219   0.06366   0.00984         0
   137/299     13.7G   0.02756  0.008124         0   0.03568        98       640    0.8887       0.8    0.8971    0.6231   0.06309  0.009837         0
   138/299     13.7G   0.02569  0.008129         0   0.03382       109       640    0.9331       0.7    0.8095    0.5384    0.0665   0.01036         0
   139/299     13.7G   0.03937  0.008329         0    0.0477       102       640    0.8744       0.7    0.7472    0.4666   0.06825    0.0111         0
   140/299     13.7G   0.01504  0.008151         0   0.02319       128       640    0.9497    0.6333     0.727    0.4307   0.06832   0.01125         0
   141/299     13.7G    0.0331  0.008442         0   0.04154       113       640       0.9    0.5999    0.6664    0.4176   0.06949   0.01158         0
   142/299     13.7G    0.0168  0.008115         0   0.02491       121       640    0.7253    0.6167    0.6464     0.412   0.07112   0.01164         0
   143/299     13.7G   0.02201  0.008085         0    0.0301       111       640    0.8181       0.6    0.6627    0.4453   0.07167    0.0112         0
   144/299     13.7G   0.03313  0.006974         0    0.0401        95       640    0.8695    0.6661      0.67    0.4138   0.07394   0.01152         0
   145/299     13.7G   0.03517   0.00899         0   0.04416        85       640    0.8195    0.6833    0.6741    0.3982   0.07455   0.01138         0
   146/299     13.7G   0.02938  0.008685         0   0.03806       118       640     0.907      0.65    0.6951    0.4368   0.07208   0.01116         0
   147/299     13.7G   0.02245  0.008384         0   0.03084        85       640    0.8863    0.6498    0.7482    0.4894   0.07112   0.01078         0
   148/299     13.7G   0.03423  0.009217         0   0.04345       123       640    0.9285    0.6496    0.7386    0.4995   0.07099   0.01111         0
   149/299     13.7G   0.03595  0.008146         0    0.0441        79       640    0.7611      0.75    0.7441    0.4737   0.07229   0.01094         0
   150/299     13.7G   0.02449  0.008131         0   0.03262       111       640    0.8798    0.7333    0.7809    0.4996   0.07232   0.01074         0
   151/299     13.7G   0.02297  0.009082         0   0.03206       117       640    0.8868    0.7833    0.8313    0.5528   0.06954   0.01009         0
   152/299     13.7G   0.02703  0.008298         0   0.03533       115       640    0.9018    0.7667    0.8438    0.5668   0.07059  0.009859         0
   153/299     13.7G   0.02178    0.0075         0   0.02928       115       640     0.957      0.75    0.8488    0.5834   0.07321  0.009393         0
   154/299     13.7G   0.01456  0.007899         0   0.02246       122       640    0.9783      0.75    0.8541    0.5829    0.0758  0.008927         0
   155/299     13.7G   0.03301  0.007543         0   0.04056        92       640    0.9231       0.8    0.8766    0.5904   0.07562  0.009319         0
   156/299     13.7G   0.02875  0.007866         0   0.03662       108       640    0.9054       0.8    0.8897    0.5862   0.07515  0.009314         0
   157/299     13.7G   0.02046  0.008255         0   0.02871       118       640    0.8906    0.8167    0.8944    0.5938   0.07346  0.009602         0
   158/299     13.7G   0.02021  0.007722         0   0.02794       124       640    0.8921    0.8333    0.8987    0.6244   0.07223  0.009615         0
   159/299     13.7G   0.02456   0.00736         0   0.03192        98       640     0.941       0.8    0.8986     0.633   0.06738  0.009523         0
   160/299     13.7G   0.03392  0.007651         0   0.04157       113       640    0.8604    0.6166    0.6525    0.3563    0.0799   0.01285         0
   161/299     13.7G   0.02366   0.00949         0   0.03315        99       640    0.6838       0.4    0.4219    0.1955   0.09167   0.01373         0
   162/299     13.7G   0.03071  0.009181         0   0.03989       106       640    0.6737    0.3833    0.3495    0.1607   0.09162   0.01419         0
   163/299     13.7G   0.05123   0.01276         0   0.06399       121       640   0.04401   0.03333   0.00961   0.00347    0.1028   0.01725         0
   164/299     13.7G   0.04012   0.01478         0   0.05489        79       640    0.1519   0.03333  0.008809  0.001824    0.1065   0.01676         0
   165/299     13.7G   0.02993   0.01459         0   0.04451       125       640   0.06834       0.3   0.05481   0.01083    0.1025   0.01298         0
   166/299     13.7G   0.03756   0.01372         0   0.05128       135       640    0.1195    0.1833   0.06197  0.009537    0.1141   0.01234         0
   167/299     13.7G   0.02686   0.01389         0   0.04075       116       640   0.03911    0.2167   0.01788  0.002899    0.1155   0.01331         0
   168/299     13.7G   0.03523   0.01381         0   0.04905       105       640   0.03292      0.05  0.009951  0.001806    0.1106   0.01201         0
   169/299     13.7G   0.02733   0.01321         0   0.04054       123       640  0.009651    0.2167  0.002235 0.0003535    0.1071   0.01549         0
   170/299     13.7G   0.02542   0.01309         0   0.03851       123       640     0.078    0.3167   0.05541    0.0176    0.1025   0.01404         0
   171/299     13.7G   0.03895   0.01241         0   0.05136       110       640         0         0         0         0    0.1453    0.0193         0
   172/299     13.7G   0.02341   0.01413         0   0.03754       126       640         0         0         0         0    0.1449   0.05236         0
   173/299     13.7G   0.04078   0.01367         0   0.05446        87       640         0         0         0         0    0.1414     0.063         0
   174/299     13.7G   0.03375   0.01276         0   0.04651       121       640    0.0033      0.05 0.0003359  0.000101    0.1312   0.03697         0
   175/299     13.7G   0.02339   0.01257         0   0.03596       123       640  0.004673      0.05 0.0008417 0.0002673    0.1169   0.02939         0
   176/299     13.7G    0.0229   0.01208         0   0.03498        89       640  0.005825    0.1333  0.001143 0.0004852    0.1128   0.03246         0
   177/299     13.7G   0.02864   0.01256         0    0.0412       105       640   0.01654       0.1  0.002519 0.0009709    0.1056   0.02296         0
   178/299     13.7G   0.03866   0.01186         0   0.05052       127       640    0.2149    0.1333    0.1003   0.04643     0.097   0.01627         0
   179/299     13.7G   0.02706   0.01113         0   0.03819        79       640     0.452    0.3167    0.2587    0.1124   0.08882   0.01314         0
   180/299     13.7G   0.02705   0.01136         0   0.03841       112       640    0.7001       0.6    0.6439    0.3213   0.07274   0.01233         0
   181/299     13.7G   0.03786   0.01447         0   0.05233        85       640         0         0         0         0       nan       nan         0
   182/299     13.7G   0.04067   0.01476         0   0.05543        78       640  0.006778    0.2833  0.002619 0.0004255    0.1485     7.055         0
   183/299     13.7G   0.03129   0.01434         0   0.04563       119       640   0.01757       0.4   0.00946  0.001429       nan       nan         0
   184/299     13.7G   0.03569   0.01562         0   0.05131       128       640    0.1243   0.03333  0.004839 0.0007577    0.1483   0.02706         0
   185/299     13.7G   0.03717   0.01311         0   0.05028       148       640    0.1302      0.05   0.03107  0.003318    0.1379   0.02705         0
   186/299     13.7G   0.02536   0.01469         0   0.04005        91       640    0.0486       0.3   0.02569  0.003882    0.1286   0.01922         0
   187/299     13.7G   0.03205   0.01251         0   0.04456        98       640    0.1375    0.1489   0.04241   0.01047    0.1026   0.01383         0
   188/299     13.7G    0.0237   0.01305         0   0.03675       128       640    0.2982       0.3     0.172   0.05823   0.09202   0.01334         0
   189/299     13.7G   0.02875   0.01421         0   0.04296        86       640    0.4367    0.4652    0.3016    0.1189   0.08216    0.0125         0
   190/299     13.7G   0.02849   0.01355         0   0.04204       126       640    0.4228      0.55    0.3207    0.1536   0.07786   0.01204         0
   191/299     13.7G   0.02902   0.01294         0   0.04196        80       640    0.4507    0.6167    0.4304    0.2168   0.07694   0.01161         0
   192/299     13.7G   0.03429   0.01244         0   0.04673       127       640    0.6662     0.632    0.6431    0.3447   0.07502   0.01115         0
   193/299     13.7G   0.03396   0.01331         0   0.04726       103       640    0.5761    0.6167    0.6042    0.3227   0.07347   0.01089         0
   194/299     13.7G   0.02824   0.01341         0   0.04165       136       640    0.7999    0.6663    0.6967    0.3831   0.07316   0.01065         0
   195/299     13.7G   0.02809   0.01146         0   0.03955        95       640     0.851    0.6665    0.7301    0.4403   0.07212   0.01032         0
   196/299     13.7G   0.03316   0.01237         0   0.04553       124       640    0.8235    0.6996    0.7211    0.4242   0.07101   0.01033         0
   197/299     13.7G   0.02709   0.01196         0   0.03905       122       640    0.8428    0.7167    0.7381     0.436   0.07168   0.01025         0
   198/299     13.7G   0.02735   0.01183         0   0.03918        98       640    0.7429    0.7167     0.734    0.4459   0.07106   0.01017         0
   199/299     13.7G   0.02159   0.01181         0   0.03339       104       640    0.8158    0.6646    0.7381    0.4606   0.07059   0.01011         0
   200/299     13.7G   0.03254   0.01231         0   0.04485       126       640    0.8076    0.6994    0.7352     0.468   0.07117  0.009844         0
   201/299     13.7G   0.03174   0.01155         0   0.04329       111       640      0.84    0.6999    0.7438    0.4485   0.07211  0.009654         0
   202/299     13.7G    0.0263   0.01175         0   0.03805       116       640      0.82    0.6833    0.7351    0.4607   0.07101  0.009656         0
   203/299     13.7G   0.02676   0.01204         0    0.0388       129       640    0.8076       0.7     0.743    0.4627   0.07043  0.009888         0
   204/299     13.7G   0.02638   0.01106         0   0.03743        89       640    0.7753      0.75    0.7421    0.4614   0.06998   0.01028         0
   205/299     13.7G   0.03202   0.01108         0   0.04309       106       640    0.8029    0.7469    0.7676    0.4607   0.06908   0.01041         0
   206/299     13.7G   0.02633   0.01106         0   0.03739       111       640    0.8627    0.7329    0.7779    0.4972   0.06835   0.01038         0
   207/299     13.7G   0.03228   0.01087         0   0.04315       109       640    0.8571       0.7    0.7703    0.4929   0.06833   0.01027         0
   208/299     13.7G    0.0257   0.01168         0   0.03738       116       640    0.8223       0.7    0.7551    0.4675   0.06738   0.01039         0
   209/299     13.7G      0.02   0.01171         0   0.03171       112       640    0.7996    0.6667     0.746    0.4647   0.06772   0.01044         0
   210/299     13.7G   0.02642   0.01127         0   0.03769       127       640    0.8837    0.6333     0.748    0.4673   0.06878   0.01063         0
   211/299     13.7G   0.01998   0.01068         0   0.03065       103       640       0.8    0.7333    0.7578    0.4803   0.06884   0.01051         0
   212/299     13.7G   0.03125   0.01091         0   0.04215       102       640    0.8333    0.7498    0.7673    0.4836   0.06882   0.01044         0
   213/299     13.7G   0.02473   0.01062         0   0.03534       110       640    0.8654    0.7498    0.7767     0.488   0.06821   0.01033         0
   214/299     13.7G   0.03068   0.01167         0   0.04235       122       640      0.88    0.7331    0.7684     0.475   0.06769   0.01058         0
   215/299     13.7G    0.0188   0.01078         0   0.02958       115       640    0.8775    0.7166    0.7545    0.4527     0.068   0.01062         0
   216/299     13.7G   0.03312   0.01087         0   0.04399        96       640    0.8654      0.75    0.7772    0.4642   0.06718   0.01058         0
   217/299     13.7G   0.03223   0.01204         0   0.04427       155       640    0.8846    0.7665    0.7791    0.5018    0.0664   0.01041         0
   218/299     13.7G   0.01893   0.01074         0   0.02967        89       640    0.8672    0.7667     0.783    0.4888   0.06665   0.01034         0
   219/299     13.7G   0.03161   0.01148         0   0.04309       128       640    0.8461    0.7331    0.7638    0.4807   0.06744   0.01044         0
   220/299     13.7G   0.01866   0.01091         0   0.02957       106       640     0.875    0.6999    0.7595      0.48   0.06791   0.01061         0
   221/299     13.7G   0.03075   0.01043         0   0.04118       117       640     0.875    0.6997    0.7602    0.4831   0.06801   0.01064         0
   222/299     13.7G   0.02463   0.01089         0   0.03552       106       640     0.793    0.7667    0.7688    0.4926   0.06829   0.01052         0
   223/299     13.7G   0.01755   0.01066         0   0.02821        87       640    0.8066    0.7667     0.781    0.4816   0.06664   0.01055         0
   224/299     13.7G   0.03077   0.01103         0    0.0418       109       640    0.8112    0.7167    0.7767    0.4656   0.06659   0.01061         0
   225/299     13.7G   0.02961   0.01098         0   0.04059       114       640    0.8095    0.7833    0.8027    0.4917   0.06627    0.0106         0
   226/299     13.7G   0.02475    0.0104         0   0.03515        86       640    0.8245    0.7833    0.7993    0.4942   0.06668   0.01064         0
   227/299     13.7G    0.0298    0.0097         0    0.0395        73       640    0.8661    0.7667    0.7967    0.5009   0.06676   0.01059         0
   228/299     13.7G   0.02991   0.01026         0   0.04017       105       640    0.8591    0.7167    0.7836    0.4932   0.06682   0.01046         0
   229/299     13.7G   0.04362   0.01097         0   0.05458       160       640    0.8936    0.6997     0.788    0.5078   0.06607   0.01042         0
   230/299     13.7G   0.02285   0.01065         0    0.0335       112       640    0.8935       0.7    0.7909     0.517     0.066   0.01033         0
   231/299     13.7G   0.02966   0.01029         0   0.03995       100       640    0.8957    0.7157    0.7978    0.5173    0.0665   0.01035         0
   232/299     13.7G   0.03012  0.009853         0   0.03997        90       640    0.9333       0.7    0.7935    0.5075   0.06679   0.01044         0
   233/299     13.7G   0.01803   0.01001         0   0.02804       110       640    0.9528    0.6833    0.7876    0.5037   0.06731   0.01052         0
   234/299     13.7G   0.01764   0.01062         0   0.02827       125       640    0.9524    0.6666    0.7775    0.5122   0.06708   0.01051         0
   235/299     13.7G   0.02331  0.009561         0   0.03287       112       640    0.8599    0.7167    0.7841    0.5164   0.06686   0.01033         0
   236/299     13.7G   0.02922    0.0108         0   0.04002       118       640    0.8212    0.7667     0.792    0.5177    0.0664    0.0103         0
   237/299     13.7G   0.02941   0.01009         0    0.0395       117       640    0.8214    0.7666    0.8021    0.5082    0.0656   0.01037         0
   238/299     13.7G   0.02915   0.01074         0   0.03989        88       640    0.7827    0.7833    0.8196    0.5253   0.06471    0.0104         0
   239/299     13.7G   0.02798  0.009333         0   0.03731       110       640    0.8213    0.7662     0.829    0.5287   0.06455   0.01043         0
   240/299     13.7G   0.01704   0.01037         0   0.02741        98       640    0.8213    0.7667    0.8242    0.5276   0.06451   0.01046         0
   241/299     13.7G   0.02279   0.01041         0   0.03321       114       640    0.8103    0.7833     0.812     0.521   0.06465   0.01048         0
   242/299     13.7G   0.02988   0.01012         0      0.04       122       640    0.8095    0.7833    0.8116    0.5241   0.06498   0.01053         0
   243/299     13.7G   0.01687   0.01029         0   0.02717        88       640    0.8431    0.7167     0.806    0.5124   0.06529   0.01073         0
   244/299     13.7G   0.02816  0.009838         0   0.03799        85       640    0.8571    0.6996    0.8018     0.503   0.06522   0.01088         0
   245/299     13.7G   0.02764  0.009567         0   0.03721       106       640    0.9315    0.6833    0.7968    0.4977    0.0654   0.01084         0
   246/299     13.7G   0.03437  0.009651         0   0.04402       128       640     0.913    0.6996    0.8033    0.5134   0.06542   0.01075         0
   247/299     13.7G   0.02848   0.01094         0   0.03942       104       640    0.7997       0.8    0.8078    0.5125   0.06534   0.01044         0
   248/299     13.7G   0.03473   0.01008         0   0.04481       103       640       0.8    0.7999    0.8142      0.53   0.06527   0.01046         0
   249/299     13.7G    0.0224  0.009488         0   0.03189       124       640    0.9107    0.6833    0.8132    0.5041   0.06558   0.01071         0
   250/299     13.7G   0.02973   0.01031         0   0.04004        96       640    0.9477    0.6667    0.8164    0.5305   0.06559   0.01069         0
   251/299     13.7G    0.0224   0.01048         0   0.03288       131       640    0.9756    0.6666    0.8148    0.5311   0.06553   0.01073         0
   252/299     13.7G   0.02248   0.01088         0   0.03336       119       640     0.975    0.6498    0.8127    0.5215   0.06555   0.01073         0
   253/299     13.7G   0.01692  0.009331         0   0.02625       104       640      0.86    0.7165    0.8011    0.5195   0.06594   0.01075         0
   254/299     13.7G    0.0289   0.00942         0   0.03832        89       640    0.8947    0.7167     0.793    0.5103   0.06618   0.01085         0
   255/299     13.7G   0.02095   0.01049         0   0.03144       140       640    0.8771    0.7167    0.7906    0.5137   0.06626   0.01083         0
   256/299     13.7G   0.03424  0.009716         0   0.04395       129       640    0.8328      0.75    0.8036    0.5206   0.06576   0.01068         0
   257/299     13.7G   0.03467   0.00969         0   0.04436       102       640    0.8299    0.7333    0.8069    0.5154   0.06563    0.0107         0
   258/299     13.7G   0.03478  0.008873         0   0.04365       121       640    0.8462    0.7333    0.8068    0.5172   0.06568   0.01071         0
   259/299     13.7G   0.01646   0.01017         0   0.02663       145       640    0.8361    0.7651    0.8052     0.511   0.06571   0.01065         0
   260/299     13.7G   0.02864   0.01011         0   0.03875       118       640    0.8103     0.783    0.8001    0.5165   0.06531   0.01061         0
   261/299     13.7G   0.02823  0.009034         0   0.03726       106       640    0.8245    0.7832    0.7956    0.5078    0.0654   0.01059         0
   262/299     13.7G   0.01729    0.0105         0   0.02779       139       640    0.7833    0.7833    0.7987    0.5227   0.06506   0.01067         0
   263/299     13.7G   0.02829   0.00978         0   0.03807       116       640    0.8458    0.7333     0.798    0.5257   0.06479    0.0108         0
   264/299     13.7G   0.02219  0.009861         0   0.03205       103       640    0.8333    0.7496    0.7965    0.5167   0.06484   0.01086         0
   265/299     13.7G   0.02194  0.009651         0    0.0316       108       640    0.8627     0.733    0.7981    0.5321   0.06488   0.01084         0
   266/299     13.7G   0.03033   0.01014         0   0.04046       126       640    0.8652      0.75    0.7985    0.5298    0.0646   0.01073         0
   267/299     13.7G   0.02989   0.01046         0   0.04035        96       640    0.8823    0.7499    0.7979    0.5289   0.06475   0.01076         0
   268/299     13.7G   0.01534  0.009278         0   0.02462        95       640    0.8232    0.7833    0.7951    0.5185   0.06489    0.0109         0
   269/299     13.7G   0.04096   0.01014         0   0.05109       136       640    0.8391    0.7833    0.8032    0.5208   0.06477   0.01093         0
   270/299     13.7G   0.03481   0.01018         0   0.04499       110       640    0.8822      0.75    0.8081    0.5242   0.06426   0.01095         0
   271/299     13.7G   0.04023   0.01012         0   0.05036       121       640    0.8653    0.7493    0.8104    0.5246     0.064   0.01087         0
   272/299     13.7G   0.02776  0.009656         0   0.03742       120       640    0.8793    0.7333    0.8102    0.5284   0.06411    0.0108         0
   273/299     13.7G   0.02214  0.009983         0   0.03213       134       640     0.849    0.7496    0.8092    0.5242   0.06446   0.01085         0
   274/299     13.7G   0.02121  0.009535         0   0.03075       114       640    0.8627    0.7332    0.8063    0.5257   0.06458   0.01097         0
   275/299     13.7G   0.02683  0.009486         0   0.03632        92       640    0.8623    0.7333    0.8097    0.5267   0.06456   0.01103         0
   276/299     13.7G   0.02193  0.009046         0   0.03098       106       640    0.9328       0.7    0.8054    0.5209   0.06458   0.01107         0
   277/299     13.7G   0.02172  0.009741         0   0.03146       107       640    0.9333       0.7    0.8054     0.517   0.06467   0.01101         0
   278/299     13.7G   0.03342  0.009734         0   0.04316       163       640    0.9331       0.7    0.8043    0.5249   0.06449   0.01093         0
   279/299     13.7G   0.03455   0.01015         0   0.04469       124       640    0.7997       0.8    0.7978    0.5186   0.06443   0.01086         0
   280/299     13.7G   0.01593  0.008917         0   0.02484       108       640    0.7865       0.8    0.7982    0.5254   0.06448   0.01082         0
   281/299     13.7G   0.02185  0.008801         0   0.03066        82       640     0.799       0.8     0.797    0.5326   0.06429   0.01086         0
   282/299     13.7G    0.0339   0.01023         0   0.04414       114       640    0.7957    0.7833    0.8004    0.5249   0.06392   0.01099         0
   283/299     13.7G   0.02134  0.009381         0   0.03072       135       640    0.7903    0.8166    0.7995    0.5282   0.06386   0.01104         0
   284/299     13.7G   0.02202  0.009483         0   0.03151        81       640    0.7737       0.8    0.7998     0.535    0.0637   0.01099         0
   285/299     13.7G   0.02764  0.009637         0   0.03727       118       640    0.8652      0.75    0.8056    0.5402   0.06354     0.011         0
   286/299     13.7G   0.02793  0.009598         0   0.03753        96       640    0.8841    0.7667    0.8125    0.5333   0.06327   0.01101         0
   287/299     13.7G   0.02086  0.009223         0   0.03008       101       640    0.8846    0.7662    0.8156    0.5364   0.06299   0.01103         0
   288/299     13.7G   0.02752   0.00906         0   0.03658       108       640    0.8674    0.7667    0.8233    0.5358   0.06301   0.01099         0
   289/299     13.7G   0.02781   0.01027         0   0.03808       121       640      0.88    0.7332    0.8282    0.5432   0.06299   0.01083         0
   290/299     13.7G   0.02943  0.009763         0    0.0392       105       640    0.8361    0.7667     0.828    0.5501   0.06315   0.01078         0
   291/299     13.7G   0.02123  0.009642         0   0.03087       126       640     0.839    0.7833    0.8292    0.5405   0.06313   0.01077         0
   292/299     13.7G   0.02195   0.01001         0   0.03196       153       640    0.8539    0.7833     0.825    0.5475   0.06294   0.01076         0
   293/299     13.7G   0.01505   0.00891         0   0.02396       114       640    0.8392     0.783    0.8169    0.5384   0.06301   0.01078         0
   294/299     13.7G   0.03391  0.009098         0   0.04301       106       640    0.8243    0.7833    0.8078    0.5177   0.06366   0.01079         0
   295/299     13.7G   0.01533  0.009751         0   0.02508        97       640     0.836    0.7667    0.8043     0.523   0.06383   0.01082         0
   296/299     13.7G   0.02117  0.009686         0   0.03086       108       640    0.8103    0.7833    0.8023    0.5196   0.06391   0.01085         0
   297/299     13.7G   0.02124  0.009078         0   0.03032       130       640    0.8364    0.7667    0.8003    0.5176   0.06419   0.01088         0
   298/299     13.7G   0.02906  0.009345         0   0.03841        98       640    0.8103    0.7833    0.8033    0.5205   0.06381   0.01092         0
   299/299     13.7G   0.03403  0.009597         0   0.04363       141       640    0.7776    0.8167    0.7993    0.5177   0.06381   0.01095         0
